{"relations":{"relationships":[[0,41,-38,-28,7,-35,25,-13,-6],[41,0,18,-28,19,-1,27,-31,-52],[-38,18,0,-40,15,34,10,-1,-33],[-28,-28,-40,0,21,-17,24,-3,23],[7,19,15,21,0,9,-9,-17,-14],[-35,-1,34,-17,9,0,22,0,-11],[25,27,10,24,-9,22,0,18,18],[-13,-31,-1,-3,-17,0,18,0,16],[-6,-52,-33,23,-14,-11,18,16,0]]},"n_tables":3}