{"relations":{"relationships":[[0,59,9,26,-49,-40,-22,-45,1],[59,0,24,14,-14,-20,-29,-25,17],[9,24,0,1,6,5,4,-25,30],[26,14,1,0,-35,24,-32,8,-41],[-49,-14,6,-35,0,30,9,-21,54],[-40,-20,5,24,30,0,34,-4,-16],[-22,-29,4,-32,9,34,0,-41,17],[-45,-25,-25,8,-21,-4,-41,0,39],[1,17,30,-41,54,-16,17,39,0]]},"n_tables":3}