{"relations":{"relationships":[[0,18,16,-36,56,48,12,6,-39],[18,0,-36,-21,12,-4,-1,-16,8],[16,-36,0,-28,-51,47,6,-5,6],[-36,-21,-28,0,-49,-2,-27,61,-14],[56,12,-51,-49,0,19,-32,58,-54],[48,-4,47,-2,19,0,-37,-26,-34],[12,-1,6,-27,-32,-37,0,28,-4],[6,-16,-5,61,58,-26,28,0,-20],[-39,8,6,-14,-54,-34,-4,-20,0]]},"n_tables":3}